Patient_Age,Blood_Pressure,Heart_Rate,Cholesterol_Level
67.0,151.16,100.0,225.0
69.6,102.0,119.0,258.68
99.0,100.28,84.0,248.0
18.0,135.0,79.0,175.52
53.88,145.0,117.0,217.88
58.0,143.92,76.0,194.02
87.0,99.0,86.0,282.0
43.34,110.0,95.0,219.02
97.0,128.6,94.0,176.42
48.0,140.46,74.54,181.38
74.0,108.4,68.0,243.98
33.0,89.0,88.0,141.0
54.82,122.8,84.18,224.96
68.56,160.0,113.0,211.56
66.6,88.0,75.26,216.0
21.46,137.0,107.0,260.0
79.0,111.0,72.0,205.0
37.0,167.0,83.12,143.0
97.0,95.0,93.96,101.0
48.22,91.0,89.22,121.0
50.0,126.76,73.0,267.0
48.5,96.0,111.0,202.0
68.0,108.0,75.0,192.0
3.0,101.08,102.0,144.58
85.0,115.0,78.0,214.4
43.78,143.84,68.0,293.0
67.0,147.0,81.0,115.0
60.64,86.0,68.0,208.06
48.0,98.0,118.0,186.7
62.0,116.9,61.0,219.46
62.88,134.94,99.0,149.06
8.0,100.0,91.36,212.92
33.86,84.0,88.02,169.68
28.28,128.0,66.0,130.0
61.52,128.86,90.48,208.0
86.0,118.54,89.4,195.0
44.88,143.0,80.94,132.0
28.0,163.0,97.66,214.0
35.0,107.0,95.0,226.0
19.18,123.0,90.0,177.0
77.0,109.06,87.0,239.0
41.0,138.64,87.04,208.0
4.0,118.3,84.1,181.0
70.0,133.04,99.5,134.0
56.8,130.0,68.0,236.0
76.0,84.0,62.0,253.0
61.64,124.12,114.0,195.02
47.96,124.0,69.0,296.0
19.04,138.0,95.0,235.0
78.0,152.0,68.0,141.0
63.44,81.0,60.0,171.38
16.0,161.0,82.8,159.32
28.0,135.0,68.0,200.86
55.8,114.0,89.9,192.1
53.0,123.0,90.0,253.0
71.0,104.0,62.0,275.0
27.0,143.1,102.0,205.84
46.32,137.0,89.36,218.0
7.0,127.88,92.0,290.0
15.0,123.0,65.0,183.0
76.0,105.9,83.76,228.0
55.0,138.0,93.28,153.0
72.0,98.98,109.0,285.0
2.0,111.0,102.0,160.54
44.0,163.0,84.88,168.0
72.62,141.68,109.0,177.0
59.5,154.74,83.0,181.0
26.0,94.0,79.0,176.5
67.24,97.0,111.0,281.0
29.54,150.0,111.0,288.0
57.0,146.0,101.0,190.02
50.0,113.08,113.0,148.0
13.0,108.0,72.0,188.5
19.0,151.0,86.38,162.0
82.0,141.48,88.0,296.0
64.94,128.28,88.0,134.0
64.16,124.0,100.0,166.84
39.22,145.0,113.0,231.0
49.0,113.0,106.0,187.06
57.0,100.0,75.0,205.16
92.0,127.0,63.0,200.0
50.9,112.0,76.7,291.0
18.98,136.0,97.28,236.54
4.0,119.0,86.74,177.0
68.0,104.44,113.0,272.0
12.0,94.0,84.86,196.82
22.0,133.94,70.0,185.1
90.0,102.24,87.98,201.0
99.0,123.0,86.3,208.0
4.0,134.0,96.08,233.0
12.0,145.14,87.0,111.0
4.0,118.0,93.78,243.0
95.0,127.0,69.0,273.0
7.0,122.18,65.0,101.0
62.5,135.7,98.0,139.0
55.38,137.7,87.0,104.0
61.44,96.0,112.0,274.0
84.0,160.0,93.9,247.0
65.36,154.0,86.24,290.0
13.0,148.0,103.0,260.64
60.9,141.86,85.0,181.08
28.0,153.0,80.74,129.0
68.1,104.0,111.0,257.38
57.76,138.68,106.0,173.56
62.0,134.0,64.0,200.1
75.0,138.0,62.0,183.44
54.44,111.0,87.4,198.26
52.18,142.0,72.0,199.9
17.0,131.0,119.0,261.72
6.0,104.0,118.0,185.88
75.1,92.0,77.0,226.0
68.66,159.0,109.0,185.6
16.0,163.0,100.0,244.0
79.1,107.0,83.0,218.18
41.0,130.22,76.74,114.0
54.72,114.06,90.22,118.0
46.0,110.0,76.0,277.0
50.0,106.2,99.0,213.52
1.0,172.0,91.0,206.28
68.82,141.0,112.0,123.0
73.22,133.52,95.0,171.62
2.0,121.0,80.2,214.1
84.0,163.0,81.0,175.0
69.0,148.0,75.0,238.0
63.22,130.9,96.0,155.82
8.0,102.54,99.62,123.0
94.0,110.0,101.0,204.0
64.58,112.0,87.0,109.0
66.0,142.02,102.0,174.0
77.0,160.0,67.0,132.0
68.0,115.92,86.0,222.0
52.0,124.0,101.0,240.0
8.0,99.62,102.0,127.0
89.0,160.0,84.0,296.0
59.06,132.38,101.0,116.0
42.58,134.22,86.0,263.0
29.0,140.7,77.0,163.5
49.44,127.26,62.0,295.0
47.4,146.0,93.0,255.0
37.0,92.0,94.08,217.0
38.54,118.0,90.0,218.06
41.0,130.54,73.0,191.54
89.0,140.0,94.0,197.64
64.0,98.0,110.0,152.0
59.0,159.0,75.42,129.0
32.56,107.0,109.0,131.0
67.54,87.0,87.36,253.0
7.0,109.96,89.0,213.14
42.1,141.52,72.0,184.52
95.0,97.0,103.0,109.0
71.0,99.0,71.0,264.0
60.14,179.0,81.0,180.0
75.0,109.74,65.0,271.0
77.0,138.0,97.22,193.0
51.72,119.78,89.0,127.0
26.0,133.04,91.0,186.0
70.68,143.44,97.0,173.16
14.0,85.0,85.0,206.0
13.42,142.0,95.0,245.0
59.7,142.88,86.0,191.0
40.3,166.0,83.62,165.0
68.8,136.46,98.0,168.0
61.96,128.0,76.72,275.0
88.0,101.0,103.0,199.38
64.0,137.16,104.74,189.22
38.74,124.0,83.7,188.02
4.0,139.36,98.0,251.72
18.0,111.0,97.46,158.0
89.0,81.0,79.36,207.0
88.0,127.0,83.0,192.3
43.18,118.0,115.0,148.0
98.0,109.0,63.0,234.84
69.84,118.56,93.62,197.0
3.0,141.12,99.0,250.04
19.0,91.0,91.48,262.0
47.0,132.58,76.0,128.0
46.0,137.94,81.0,219.0
61.9,141.74,86.0,192.9
36.0,139.0,68.0,219.48
50.74,146.68,84.0,160.0
92.0,129.0,95.0,200.0
57.5,129.1,76.86,279.0
55.0,158.0,101.0,196.54
74.0,148.0,97.0,168.0
60.94,136.7,97.0,210.0
63.0,119.0,88.0,187.0
45.8,89.0,117.0,223.6
33.8,125.0,63.0,292.0
27.0,165.0,77.0,207.6
54.2,129.32,74.0,251.92
76.0,129.0,93.84,196.02
11.0,118.0,89.4,284.0
4.0,179.0,111.0,179.0
46.0,123.0,70.0,189.0
58.8,145.0,95.0,105.0
60.0,126.54,67.0,240.54
24.0,136.0,87.0,118.0
35.98,168.0,93.9,219.64
28.0,117.0,95.04,232.0
64.14,109.0,109.0,206.0
4.0,149.0,60.0,253.0
50.22,125.5,87.0,203.0
55.2,100.0,64.0,194.0
60.0,137.0,72.0,215.34
49.0,163.0,88.06,213.24
57.0,92.0,108.12,261.0
88.0,154.0,95.88,258.0
88.0,147.0,92.0,266.0
35.76,132.0,61.0,116.0
70.0,117.64,82.0,211.46
57.0,157.0,82.82,227.0
61.0,125.6,76.0,274.0
10.0,137.0,89.0,276.0
67.0,117.0,89.14,199.38
34.0,133.88,68.0,263.0
79.54,157.0,102.24,200.0
76.96,99.18,68.0,216.0
80.0,115.4,89.0,205.82
44.92,168.0,88.9,263.0
50.82,98.0,113.0,170.0
11.0,138.92,109.0,293.0
4.0,118.46,89.46,165.0
4.0,133.0,78.86,193.96
24.0,139.6,96.54,239.0
66.74,172.0,97.0,141.0
56.0,140.0,91.0,231.0
35.0,123.42,82.34,263.0
38.0,119.7,81.74,282.0
50.0,91.0,79.0,215.8
88.0,147.0,94.0,210.7
86.0,167.0,107.0,104.0
65.26,151.8,71.0,154.0
18.0,142.02,95.0,253.0
59.0,136.5,105.0,155.0
67.0,117.98,90.0,204.52
46.0,109.88,62.0,276.0
11.0,137.96,97.62,241.0
22.72,142.36,100.34,240.0
97.0,130.0,95.16,179.74
26.0,82.0,78.0,181.0
68.0,118.92,65.0,227.0
66.0,97.0,95.6,240.0
8.0,96.94,100.14,141.36
61.46,105.0,92.54,283.0
98.0,119.02,89.0,259.0
40.0,144.0,81.96,139.0
83.0,160.26,109.0,123.0
93.0,138.16,115.0,212.0
35.66,149.1,94.28,245.0
52.94,164.0,89.0,113.0
10.0,101.72,100.5,131.0
69.0,161.0,119.0,168.0
88.0,105.98,78.0,217.62
74.28,99.0,80.6,223.32
62.32,127.0,97.0,101.0
51.0,107.0,61.0,214.22
37.0,136.0,104.0,213.84
44.18,134.1,70.0,204.0
61.88,130.0,88.0,234.0
84.0,121.8,89.38,114.0
78.4,169.0,108.0,147.0
56.66,99.0,105.0,174.0
54.74,86.0,107.0,190.0
79.0,130.0,101.0,170.56
54.78,137.0,87.0,199.2
63.0,88.0,80.0,190.0
64.12,142.44,84.0,129.0
81.0,112.08,72.0,229.0
25.0,144.0,79.0,193.0
16.0,87.0,81.6,194.28
65.1,129.0,100.22,203.68
81.0,177.0,98.0,249.0
85.0,127.0,83.88,192.0
51.88,142.0,67.0,185.3
5.0,122.68,93.6,242.0
22.0,176.0,96.9,277.0
33.0,152.0,86.68,113.0
59.96,160.0,100.1,212.0
2.0,142.46,114.0,261.0
44.16,163.9,83.0,189.78
83.0,165.0,90.0,143.0
91.0,88.0,81.0,116.0
36.0,89.0,98.0,210.08
59.0,128.42,95.0,134.0
39.0,100.0,111.0,260.0
2.0,154.0,88.1,173.92
53.0,99.0,103.0,161.0
39.02,139.96,81.26,160.0
46.0,129.0,87.92,154.0
23.0,158.0,60.0,183.78
54.0,85.0,81.0,285.0
69.84,96.0,87.94,227.0
56.68,136.0,63.0,172.0
63.1,144.96,86.86,236.0
69.26,158.0,109.0,174.0
84.0,175.0,110.0,129.0
95.0,130.0,89.0,224.02
72.0,120.46,76.0,275.0
63.72,82.0,66.0,210.0
88.0,158.0,100.5,198.28
84.0,116.22,116.0,241.0
47.28,149.04,77.76,292.0
30.0,151.0,87.52,107.0
20.0,85.0,82.0,194.0
38.0,84.0,107.0,274.0
2.0,95.0,89.0,191.0
67.98,132.0,96.96,132.0
82.0,109.14,60.0,264.0
47.32,118.0,90.92,210.02
78.0,122.14,75.26,222.24
63.82,167.0,106.0,162.52
42.02,170.0,80.4,167.0
94.0,104.0,93.4,248.0
51.24,100.0,112.0,179.0
88.1,107.9,78.0,216.88
30.0,125.0,87.58,236.0
82.0,113.0,68.0,268.0
32.02,158.0,79.0,140.0
42.02,114.0,88.02,165.0
15.34,105.0,101.0,130.0
56.0,135.04,87.0,275.0
81.0,177.0,101.02,219.42
34.82,114.0,92.96,153.0
55.02,132.0,77.0,277.0
91.0,94.0,86.5,200.0
84.0,107.86,78.0,226.0
17.0,111.04,81.52,176.0
29.08,115.28,92.0,252.0
62.78,115.0,102.0,293.0
99.0,131.0,112.0,197.0
8.0,137.0,100.0,264.04
42.88,169.0,83.2,139.0
15.0,130.02,65.0,141.0
1.0,121.24,63.0,280.0
97.0,179.0,89.7,144.0
3.0,137.0,72.0,191.0
38.0,88.06,87.0,162.0
49.38,168.0,66.0,192.0
63.0,137.88,115.0,226.0
62.0,127.94,79.5,257.0
15.0,110.0,92.1,222.0
62.0,155.0,104.0,260.0
82.0,104.0,71.0,160.0
38.0,169.0,76.0,172.0
95.0,118.0,99.0,197.34
20.0,135.0,97.08,237.7
7.0,109.0,112.0,135.0
91.0,82.0,86.0,214.0
72.0,132.36,109.0,138.0
78.0,164.0,85.58,179.22
79.0,125.0,82.48,256.0
71.0,114.0,71.0,112.0
97.0,113.56,78.0,202.86
42.84,92.0,92.96,215.88
98.0,109.0,110.0,186.14
4.0,149.0,97.0,279.0
38.38,90.0,87.2,126.0
78.0,90.0,93.0,191.12
95.0,138.06,114.0,224.3
38.0,101.0,91.9,286.0
47.36,177.0,70.0,196.66
44.26,173.0,73.0,203.58
46.2,148.0,84.0,127.0
99.0,146.16,102.04,204.0
97.0,171.0,99.06,202.0
28.12,151.52,96.0,285.0
3.0,166.0,118.0,269.0
39.22,82.0,88.16,139.0
91.0,114.0,117.0,292.0
33.0,164.0,77.0,293.0
83.0,139.0,70.0,164.0
36.78,164.0,91.0,224.46
33.0,125.8,114.0,254.0
83.18,109.36,69.0,222.0
4.0,107.72,103.72,151.0
46.6,134.12,85.56,263.0
92.0,107.34,80.62,193.0
80.0,165.0,65.0,159.16
72.8,166.0,63.0,152.0
79.0,166.0,91.84,186.52
22.0,94.0,89.52,273.0
31.0,105.0,94.3,229.26
60.0,107.0,94.8,263.0
65.44,142.44,102.0,174.0
32.0,150.58,111.0,248.62
71.0,123.0,105.0,177.36
97.0,117.0,97.56,170.0
8.0,83.0,102.0,149.0
78.0,157.0,119.0,209.2
58.56,126.0,91.82,123.0
89.0,106.48,78.6,222.0
96.0,177.0,108.0,206.02
28.0,150.04,96.0,107.0
67.84,139.46,101.02,168.0
17.0,168.0,105.88,228.0
91.0,170.0,103.0,176.96
65.18,154.0,68.0,130.0
8.0,138.0,99.98,292.0
38.0,146.74,105.0,247.0
20.0,96.0,85.0,219.0
82.74,109.0,75.0,219.34
62.56,130.0,81.94,280.0
90.0,136.0,90.0,278.0
31.0,89.0,86.0,131.0
27.7,152.12,100.0,287.0
70.0,94.0,86.86,223.16
15.0,165.0,112.0,221.0
57.0,104.0,81.0,181.9
59.36,123.34,69.0,274.0
90.0,104.0,82.0,204.76
29.0,132.0,64.0,193.0
70.44,96.0,108.0,287.0
46.74,145.0,81.98,160.0
47.96,172.0,69.0,222.12
29.0,164.0,78.12,185.0
9.0,118.42,88.78,186.0
41.0,146.0,113.0,231.7
21.0,142.0,99.26,241.22
63.22,131.0,96.0,155.82
96.0,153.04,65.0,131.0
96.0,151.0,103.0,193.0
40.0,179.0,82.78,116.0
68.5,135.98,116.0,206.76
77.0,106.0,93.0,224.02
3.0,136.0,79.0,182.18
77.48,102.0,61.0,249.0
33.0,149.88,80.92,134.5
97.0,91.0,77.0,189.0
42.0,134.76,69.0,205.0
77.0,141.18,91.0,151.0
51.04,154.9,71.0,242.0
45.56,136.0,61.0,192.26
4.0,135.76,83.44,173.0
64.0,99.0,78.14,216.46
70.0,129.64,95.38,146.42
51.0,124.0,86.0,159.0
55.16,85.0,73.0,218.0
91.0,107.02,70.0,219.14
84.0,110.0,87.0,162.0
18.0,176.0,96.9,268.0
20.0,116.58,91.0,267.0
30.0,112.0,89.8,201.8
60.06,145.0,72.0,113.0
30.4,176.0,91.58,247.18
23.0,141.66,97.48,240.0
47.0,124.0,84.0,107.0
3.0,93.0,105.0,151.2
50.0,82.0,78.0,257.0
9.0,142.6,96.68,256.06
43.8,167.0,80.32,191.0
36.0,91.0,115.0,227.46
40.0,130.0,76.38,106.0
27.0,152.0,105.0,230.1
92.0,83.0,111.0,229.88
72.0,152.44,73.0,143.0
47.78,126.44,79.0,102.0
18.18,148.0,96.0,296.0
36.42,155.0,118.0,277.0
38.3,124.0,90.0,151.0
27.0,138.08,80.0,177.96
62.0,171.0,85.98,179.62
40.0,106.0,85.0,150.84
80.0,82.0,86.0,221.0
40.0,100.0,92.68,220.0
9.0,90.0,70.0,277.0
81.0,116.62,66.0,276.0
41.0,133.82,97.0,223.0
37.72,151.52,83.0,156.0
44.58,158.0,86.0,270.0
4.0,139.52,95.52,243.0
40.0,108.0,95.54,203.0
53.0,147.0,92.4,208.0
56.0,103.0,77.0,191.0
65.0,103.0,109.66,265.0
78.0,93.0,108.0,291.0
58.64,105.0,63.0,172.0
71.0,112.46,89.04,191.24
30.0,82.0,80.0,256.0
25.0,90.0,82.0,160.42
54.52,126.0,74.0,245.0
80.0,152.0,82.0,181.26
57.94,85.0,84.0,118.0
67.18,131.0,94.02,144.94
61.82,98.78,112.0,264.86
63.0,96.0,88.64,184.0
28.6,119.0,82.0,132.0
51.0,97.0,103.34,187.0
85.0,105.4,89.64,232.0
52.0,83.0,96.0,199.0
52.0,179.0,65.0,170.36
74.0,136.0,98.0,183.0
73.0,141.72,112.0,174.0
73.0,148.54,81.62,237.56
1.0,120.0,82.54,294.0
38.32,150.36,82.0,146.0
31.0,112.0,76.0,268.0
82.18,106.64,75.84,227.0
24.0,107.0,102.0,263.0
19.0,173.0,82.0,272.0
61.0,131.0,76.0,273.0
60.0,125.0,64.0,236.46
85.0,105.86,69.0,226.0
25.0,118.4,77.0,119.0
20.0,119.0,118.0,151.0
48.88,177.0,111.0,231.3
56.76,158.08,82.0,176.0
67.0,142.5,87.0,175.0
57.84,128.0,91.46,203.0
72.0,158.0,84.34,295.0
94.0,128.78,90.62,175.0
47.52,128.58,103.0,207.0
72.0,125.5,81.62,279.0
17.0,118.0,61.0,115.0
72.0,101.16,112.0,275.0
47.0,105.0,98.0,208.16
44.0,80.0,116.0,225.6
64.0,165.0,83.0,177.18
30.0,166.0,68.0,249.0
43.0,168.0,113.0,215.4
16.0,152.52,99.78,290.0
85.9,113.0,82.38,213.0
85.0,94.0,92.0,255.0
50.0,131.94,74.0,122.0
68.94,91.0,82.0,101.0
51.62,128.62,77.0,262.16
64.0,97.0,89.0,110.0
13.0,138.0,68.0,124.0
27.0,142.46,114.0,280.0
72.0,137.28,88.38,290.0
33.24,121.0,86.48,161.0
59.64,170.0,87.86,266.0
29.0,140.5,70.0,180.48
16.0,178.0,87.58,101.0
53.0,125.0,86.78,187.52
46.0,138.0,71.0,130.0
69.0,127.0,88.0,199.24
37.0,156.0,90.44,286.0
64.24,147.0,102.0,189.4
74.0,171.0,97.34,204.28
78.06,102.0,69.0,215.34
21.0,97.0,97.0,238.0
34.0,137.0,80.72,189.0
86.0,93.0,80.0,210.9
60.7,156.0,102.0,211.0
57.4,140.44,65.0,171.54
60.16,163.0,80.0,251.0
77.0,156.0,108.0,225.0
45.0,149.46,90.6,210.0
1.0,127.96,92.0,245.58
23.0,128.3,70.0,179.08
33.0,103.0,96.0,202.84
47.88,103.0,82.0,129.0
95.0,128.0,92.24,192.42
21.0,126.28,72.02,184.24
87.0,92.0,64.0,210.28
80.0,145.82,109.0,190.78
61.0,132.78,74.0,221.68
27.0,137.0,85.0,273.0
63.0,132.54,96.98,146.62
32.72,126.0,77.3,181.0
14.0,95.0,115.0,162.0
47.0,159.0,93.0,206.0
7.0,123.74,81.88,208.0
77.6,106.0,118.0,241.0
38.28,121.0,77.32,114.0
3.0,139.0,113.0,266.28
89.2,110.0,75.0,230.66
37.16,148.78,95.72,247.0
36.88,157.0,73.0,197.84
20.0,167.0,113.0,228.38
60.3,143.74,87.0,193.5
91.0,94.0,91.34,231.0
85.0,99.0,75.5,217.44
33.0,110.06,103.0,166.88
94.0,106.78,76.0,231.0
48.0,106.0,67.0,108.0
41.0,80.0,85.0,147.66
9.0,125.34,102.0,204.0
48.0,138.0,82.0,176.48
66.72,170.0,67.0,128.0
54.0,179.0,60.0,157.0
23.0,174.0,78.88,188.0
65.0,112.66,63.0,224.18
21.0,175.0,111.0,241.0
32.0,163.0,80.52,133.0
26.0,102.0,86.0,273.0
33.0,145.46,72.0,208.0
78.04,95.0,77.0,214.12
40.2,132.54,64.0,291.0
64.06,140.46,103.0,173.48
70.0,116.0,93.02,293.0
46.0,164.0,92.58,207.62
7.0,135.36,97.78,233.06
7.0,140.0,96.9,248.0
69.0,151.2,80.0,295.0
33.0,171.0,86.0,186.18
10.0,168.0,91.0,194.08
64.68,140.0,116.0,180.9
28.0,159.0,80.16,166.6
18.78,107.74,118.0,135.0
46.0,164.0,116.0,189.0
63.2,126.62,79.0,256.0
43.48,117.3,117.0,121.0
53.06,91.0,105.0,178.0
32.0,140.16,60.0,121.0
32.0,129.0,73.98,139.0
53.78,131.24,89.0,201.0
63.54,178.0,63.0,156.84
46.72,88.0,77.0,130.0
54.0,164.0,66.0,188.64
43.1,96.0,101.2,166.0
35.0,81.0,85.88,187.22
78.0,116.0,91.36,167.0
42.0,154.0,95.92,239.64
24.0,150.54,95.0,297.0
94.0,148.0,77.0,103.0
74.0,113.0,86.0,205.88
56.84,175.0,92.14,257.0
42.0,89.0,86.5,120.0
30.0,156.0,70.0,152.0
71.0,115.74,87.6,209.0
6.0,132.54,96.0,245.84
47.04,82.0,102.0,215.0
52.0,164.0,65.0,195.74
39.1,153.0,100.56,235.0
82.0,82.0,93.0,195.0
26.0,158.0,92.0,113.0
41.0,142.0,103.0,204.4
51.0,124.74,90.0,262.0
65.68,126.0,93.0,183.0
60.0,126.82,93.78,101.0
62.44,132.0,97.46,151.86
31.76,95.0,89.28,159.0
24.0,110.36,69.0,167.98
95.0,163.0,65.0,148.98
86.0,109.0,87.98,175.0
40.0,92.0,86.0,142.5
56.48,144.0,72.0,241.0
64.0,147.0,92.8,182.5
34.0,139.0,102.0,165.0
87.0,86.0,87.86,253.0
63.96,129.0,77.8,242.0
20.0,179.0,83.1,200.0
25.0,164.0,105.0,220.68
57.6,109.0,61.0,286.0
94.0,118.0,93.76,197.0
44.4,142.0,79.42,124.0
62.3,128.9,70.0,235.24
65.3,169.0,88.42,239.0
3.0,143.14,113.0,262.5
36.0,93.0,94.0,214.0
51.9,134.0,83.0,254.0
27.78,145.92,105.0,269.0
65.0,137.0,75.0,230.7
83.0,110.0,88.42,261.0
38.0,86.0,70.0,202.26
28.0,176.0,88.54,204.2
64.24,152.0,95.0,209.02
56.36,126.3,74.72,277.0
47.0,137.0,67.0,196.82
60.8,179.0,86.0,141.56
88.0,106.14,90.98,230.0
90.0,148.0,95.08,203.76
72.0,134.4,105.0,166.7
5.0,122.94,66.0,206.0
13.0,138.6,106.0,259.22
86.0,105.76,86.06,117.0
34.0,139.0,90.06,167.08
35.46,152.0,83.98,169.14
23.0,85.0,65.0,106.0
47.72,124.0,118.0,158.0
3.0,127.0,87.64,156.0
48.66,120.0,60.0,213.0
45.24,142.0,80.24,141.08
51.24,81.0,62.0,110.0
39.0,138.0,80.0,170.54
51.0,116.0,61.0,163.0
22.0,123.0,83.72,138.0
45.0,142.28,82.5,154.0
75.0,135.08,92.48,175.62
23.0,123.0,90.54,155.56
49.0,120.14,70.0,109.0
56.56,149.86,73.0,228.72
51.0,143.0,101.0,107.0
28.0,83.0,90.0,200.48
99.0,116.0,60.0,227.0
29.0,109.0,89.94,246.0
18.74,135.62,105.02,259.0
50.42,109.0,77.0,279.0
78.0,137.0,78.0,237.6
65.88,137.24,107.0,224.0
28.0,164.0,115.0,222.0
84.32,146.0,95.84,199.0
37.26,129.0,71.36,118.0
4.0,123.88,79.58,187.84
88.0,82.0,64.0,179.0
36.58,134.22,104.0,216.0
51.12,164.0,78.56,160.94
89.0,103.6,78.0,194.0
56.54,174.0,88.82,267.0
47.0,130.54,60.0,294.0
88.76,106.0,80.62,217.2
58.6,160.0,71.0,122.0
97.0,167.0,92.0,102.0
49.0,132.48,85.0,190.0
69.28,138.0,99.0,192.0
40.0,98.0,90.98,192.0
16.0,123.56,80.0,171.0
34.0,82.0,117.0,237.0
6.0,97.0,94.56,248.0
47.92,174.0,60.0,177.0
49.22,94.0,107.0,252.0
21.0,126.0,71.0,292.0
99.0,105.0,77.24,220.38
29.0,120.0,83.04,169.0
99.0,160.0,91.0,106.0
63.22,139.54,102.0,179.0
81.54,97.0,76.0,221.16
46.16,138.94,91.64,264.0
44.0,124.34,84.0,146.96
96.0,116.0,82.48,213.0
18.0,124.0,77.2,179.82
98.0,90.0,88.08,249.0
34.96,146.0,102.94,235.0
23.0,123.26,96.0,232.68
47.12,179.0,85.0,167.38
55.0,168.0,71.0,213.62
56.32,135.0,99.0,113.0
23.0,98.0,72.0,148.0
39.14,80.0,85.4,163.0
64.0,157.0,106.0,206.0
72.0,113.78,88.42,206.98
14.0,84.0,84.34,194.14
87.0,86.0,108.0,292.0
78.0,106.0,116.0,244.0
2.0,110.0,87.62,215.26
37.02,159.0,82.0,145.0
88.0,136.0,91.0,265.0
9.0,167.0,92.0,162.0
16.0,134.98,77.34,133.0
96.0,113.0,111.0,169.0
32.0,85.0,74.0,238.0
27.0,133.0,74.62,195.58
15.0,120.84,79.12,175.34
68.0,177.0,110.0,246.0
25.0,116.04,74.0,166.0
27.36,100.0,92.0,276.0
12.0,140.9,82.42,150.0
71.0,141.0,79.0,240.0
24.0,130.74,83.58,206.0
70.0,126.0,100.24,166.0
41.0,114.1,98.0,200.0
60.0,122.8,77.38,276.0
31.0,118.86,90.42,236.0
32.64,109.0,93.62,158.0
60.0,139.0,84.0,141.0
75.0,112.94,87.0,198.64
80.0,106.0,112.0,250.0
78.0,86.0,107.0,135.0
89.0,80.0,118.0,234.82
52.82,119.0,118.0,171.0
82.0,166.0,80.0,278.0
14.0,150.0,74.0,181.84
24.0,96.0,94.56,238.66
72.0,171.0,86.0,180.0
25.0,99.0,91.1,163.0
49.62,115.02,89.0,283.0
46.14,111.0,70.0,130.0
66.86,146.0,103.0,170.0
18.0,141.72,99.52,234.0
57.0,122.0,110.0,203.0
98.0,124.12,117.0,285.0
42.0,123.34,89.0,195.34
67.0,88.0,94.0,184.08
12.0,140.0,106.12,278.0
36.0,127.08,73.1,114.0
69.0,108.66,72.0,228.6
83.0,167.0,96.32,170.0
76.0,88.0,86.76,240.0
91.0,112.92,84.0,199.2
17.0,100.0,65.0,187.0
43.0,102.0,91.0,283.0
92.0,107.0,77.94,228.0
40.0,152.14,91.66,249.0
39.24,143.16,98.0,228.0
57.62,99.0,110.0,261.0
30.24,149.96,79.0,168.16
6.0,94.92,100.7,140.78
17.0,136.0,73.8,196.0
76.0,170.0,96.58,193.0
63.0,118.84,92.82,121.0
70.0,146.26,62.0,144.0
86.0,138.0,88.18,236.0
50.0,131.0,84.26,153.0
80.0,91.0,87.0,228.0
29.48,165.0,91.0,211.58
70.94,128.86,119.0,186.82
33.0,144.0,105.0,221.66
1.0,120.0,99.0,225.64
79.0,128.0,63.0,222.0
69.84,133.94,98.0,186.0
43.0,82.0,74.0,200.08
53.44,175.0,70.82,179.0
19.0,140.0,78.0,176.66
54.0,91.0,106.82,267.0
83.0,133.0,89.0,289.0
84.0,85.0,106.0,114.0
58.06,115.0,103.0,240.0
72.96,158.98,63.0,139.0
66.64,130.0,92.16,130.0
24.0,169.0,90.0,222.3
38.06,82.0,87.0,158.0
79.0,104.86,110.0,261.0
39.62,133.0,82.0,129.0
58.0,145.0,106.0,144.0
43.44,121.28,88.0,148.0
63.1,117.0,90.12,193.7
70.02,120.0,102.0,182.84
41.0,131.0,117.0,222.68
33.0,141.2,109.0,233.0
96.0,116.82,83.0,213.0
58.0,164.0,69.0,286.0
56.0,120.0,107.0,109.0
61.04,139.0,106.0,177.24
15.0,130.0,89.0,266.0
65.0,132.0,117.0,260.0
45.74,178.0,82.0,143.88
48.26,177.0,98.0,299.0
37.0,127.68,77.36,272.0
30.0,99.0,98.88,261.0
90.0,101.0,79.46,222.0
11.0,113.26,93.62,229.98
60.0,119.06,99.0,281.0
31.08,135.82,69.0,196.08
17.88,108.0,101.86,147.0
10.0,155.0,90.0,190.0
46.0,134.48,89.0,202.0
22.0,158.64,98.0,294.0
41.62,157.0,70.0,203.54
55.0,136.0,102.0,120.0
59.0,110.0,109.0,232.0
30.0,149.32,81.0,143.18
53.38,118.0,109.0,298.0
89.0,139.06,92.46,105.0
21.0,107.02,84.0,190.2
82.0,177.0,84.0,207.0
20.0,159.0,111.0,240.4
80.0,143.44,84.0,138.0
39.0,101.0,89.84,181.0
75.68,93.0,109.0,291.0
29.0,118.16,94.0,204.16
56.0,134.06,105.0,171.92
75.18,138.0,94.0,183.0
55.0,146.0,106.0,195.88
37.06,149.0,99.56,238.0
48.0,124.0,76.0,178.16
28.16,112.52,96.32,146.0
55.0,128.34,68.0,219.0
32.0,113.9,90.98,202.1
58.0,90.0,86.38,118.0
78.0,145.0,71.0,159.44
90.0,132.74,83.0,145.0
69.0,143.2,86.0,182.0
39.86,121.02,81.0,100.0
72.0,143.0,65.0,168.46
97.0,111.18,64.0,229.76
42.04,103.0,91.0,253.82
13.0,176.0,93.2,292.0
84.0,97.0,76.56,216.44
18.0,100.0,76.86,192.14
51.0,129.54,90.0,208.38
53.3,162.0,75.0,222.0
47.8,131.54,80.34,266.0
29.58,134.0,68.4,193.22
85.0,142.0,71.0,178.42
46.0,147.0,100.0,208.98
34.14,122.0,75.0,114.0
5.0,93.0,84.0,195.44
30.0,157.0,82.0,149.18
43.0,157.08,114.0,217.0
53.0,90.0,105.0,188.0
43.4,168.0,87.58,186.0
63.16,112.64,93.0,198.0
36.0,110.0,74.0,156.0
47.8,110.0,94.24,200.56
13.0,142.58,111.0,272.18
57.6,179.0,102.0,223.98
90.0,144.18,107.0,150.0
98.0,110.0,82.2,213.82
49.08,166.0,73.0,244.0
78.0,121.0,79.0,240.0
85.0,93.0,74.3,208.52
60.62,129.0,95.38,158.0
59.0,129.8,97.82,150.0
49.0,149.0,108.0,262.0
47.0,146.26,81.54,158.0
19.0,162.0,103.0,252.0
12.0,122.0,80.06,177.84
65.04,138.8,118.0,189.94
94.0,143.0,63.0,162.0
33.0,114.0,90.56,207.0
87.0,110.88,118.0,262.0
67.8,135.0,105.0,166.56
41.0,179.0,111.0,218.76
77.0,100.86,110.0,274.0
66.26,131.62,105.0,167.0
92.0,157.0,113.0,268.0
19.0,149.0,94.0,150.0
60.76,90.0,112.0,268.0
58.88,109.0,116.0,228.42
46.26,146.0,82.0,135.0
17.0,161.18,97.56,291.0
92.0,129.12,84.0,174.0
60.5,134.5,96.78,159.0
6.0,83.0,97.56,131.0
60.0,111.0,88.22,131.0
58.84,91.0,110.0,261.88
73.18,115.98,87.0,198.0
47.52,143.92,95.38,214.0
40.0,158.0,69.0,285.0
45.0,109.0,116.0,154.0
74.5,106.0,110.0,250.34
64.58,141.0,104.5,179.0
24.0,106.0,103.0,203.46
22.0,158.0,62.0,189.86
35.04,149.0,78.0,139.0
85.0,128.0,88.18,135.0
24.0,108.96,102.0,139.0
25.0,115.16,109.0,122.0
17.0,103.0,97.0,136.0
35.0,102.0,105.0,145.0
81.0,157.0,118.0,210.0
56.0,103.0,116.0,251.0
66.08,141.0,105.06,174.42
66.0,105.36,72.0,210.04
77.88,110.34,61.0,250.72
65.0,152.08,71.0,143.0
51.28,164.0,68.74,180.0
56.0,136.9,109.0,212.0
22.0,116.0,74.8,105.0
57.84,84.0,61.0,237.0
4.0,118.86,80.0,178.08
24.82,170.0,95.0,240.0
37.0,175.0,86.92,250.22
41.0,173.0,100.94,215.0
58.0,115.54,87.36,111.0
45.34,140.82,91.88,223.0
51.72,158.0,70.0,223.34
57.56,141.0,84.0,222.0
91.0,97.0,87.22,203.8
89.0,120.0,86.0,198.66
17.0,125.0,64.0,210.8
28.0,158.0,76.0,172.4
42.56,82.0,84.54,172.48
35.72,130.0,61.0,246.24
26.0,130.78,76.4,199.0
37.46,177.0,86.0,107.0
49.14,174.0,79.5,289.0
60.0,125.68,69.08,237.0
27.0,149.0,80.0,107.0
49.86,143.0,110.0,220.0
18.28,109.0,109.4,137.0
80.0,146.0,91.68,174.12
9.0,135.4,81.56,108.0
32.0,127.02,72.0,200.44
45.72,84.0,65.0,284.0
9.0,122.0,118.0,290.0
69.38,102.0,114.0,276.0
71.0,118.16,89.0,111.0
37.0,104.26,97.0,203.62
37.34,83.0,87.76,182.34
37.0,148.0,83.0,141.56
39.0,155.0,96.04,244.52
4.0,149.84,97.76,299.0
49.0,112.0,91.0,219.0
37.0,110.0,92.0,228.0
33.18,150.0,91.0,172.0
45.3,167.0,89.14,231.0
45.38,152.66,71.0,247.0
